  //PID cohen coon
  Kp = 0.4321;
  Ki = 0.0578;
  Kd  =0.1596;
  
Greetings, Human!
Sampling every 200 ms
Sampling every 200 ms
Sample Number,Current Temperature, Controller Output
0,51.50,0.00
1,50.90,0.00
2,51.10,0.00
3,51.00,0.00
4,50.90,0.00
5,51.50,0.00
6,51.60,0.00
7,51.30,0.00
8,51.20,0.00
9,51.30,0.00
10,53.10,0.00
11,51.80,0.00
12,52.40,0.00
13,51.50,0.00
14,52.40,0.00
15,53.10,0.00
16,51.80,0.00
17,52.00,0.00
18,51.80,0.00
19,51.60,0.00
20,51.30,0.00
21,51.80,0.00
22,52.40,0.00
23,52.90,0.00
24,52.00,0.00
25,52.30,0.00
26,52.60,0.00
27,52.40,0.00
28,52.00,0.00
29,52.40,0.00
30,52.80,0.00
31,52.90,0.00
32,52.80,0.00
33,52.90,0.00
34,52.60,0.00
35,53.10,0.00
36,52.80,0.00
37,53.10,0.00
38,53.00,0.00
39,54.30,0.00
40,53.30,0.00
41,52.90,0.00
42,53.30,0.00
43,53.10,0.00
44,53.40,0.00
45,53.50,0.00
46,53.80,0.00
47,53.60,0.00
48,53.30,0.00
49,53.80,0.00
50,53.80,0.00
51,55.20,0.00
52,54.00,0.00
53,54.30,0.00
54,54.00,0.00
55,54.20,0.00
56,55.90,0.00
57,54.40,0.00
58,54.00,0.00
59,54.70,0.00
60,54.50,0.00
61,54.60,0.00
62,55.00,0.00
63,54.90,0.00
64,54.80,0.00
65,54.60,0.00
66,54.50,0.00
67,55.70,0.00
68,56.50,0.00
69,55.30,0.00
70,55.20,0.00
71,55.30,0.00
72,55.30,0.00
73,56.30,0.00
74,55.60,0.00
75,55.50,0.00
76,55.90,0.00
77,57.40,0.00
78,55.70,0.00
79,57.30,0.00
80,55.70,0.00
81,56.10,0.00
82,56.20,0.00
83,57.90,0.00
84,56.50,0.00
85,56.20,0.00
86,56.30,0.00
87,56.40,0.00
88,56.80,0.00
89,56.50,0.00
90,56.50,0.00
91,56.90,0.00
92,56.90,0.00
93,57.00,0.00
94,57.30,0.00
95,57.10,0.00
96,57.10,0.00
97,57.40,0.00
98,57.20,0.00
99,57.30,0.00
100,57.50,0.00
101,57.50,0.00
102,57.40,0.00
103,57.90,0.00
104,58.20,0.00
105,58.00,0.00
106,58.20,0.00
107,58.00,0.00
108,58.50,0.00
109,58.30,0.00
110,59.70,0.00
111,58.60,0.00
112,59.40,0.00
113,58.80,0.00
114,58.60,0.00
115,58.90,0.00
116,59.00,0.00
117,58.70,0.00
118,59.00,0.00
119,59.10,0.00
120,59.10,0.00
121,59.30,0.00
122,59.60,0.00
123,59.60,0.00
124,59.50,0.00
125,59.60,0.00
126,60.20,0.00
127,60.00,0.00
128,60.60,0.00
129,60.10,0.00
130,60.10,0.00
131,61.50,0.00
132,60.50,0.00
133,60.20,0.00
134,60.70,0.00
135,60.70,0.00
136,60.70,0.00
137,60.60,0.00
138,60.80,0.00
139,61.00,0.00
140,61.00,0.00
141,61.20,0.00
142,61.20,0.00
143,61.10,0.00
144,61.60,0.00
145,62.60,0.00
146,61.70,0.00
147,61.60,0.00
148,62.30,0.00
149,63.20,0.00
150,61.80,0.00
151,62.90,0.00
152,62.10,0.00
153,62.20,0.00
154,63.30,0.00
155,62.60,0.00
156,62.60,0.00
157,62.80,0.00
158,62.80,0.00
159,62.70,0.00
160,62.80,0.00
161,62.90,0.00
162,64.30,0.00
163,63.30,0.00
164,63.50,0.00
165,63.50,0.00
166,63.50,0.00
167,63.70,0.00
168,64.00,0.00
169,64.40,0.00
170,64.00,0.00
171,64.20,0.00
172,64.70,0.00
173,64.40,0.00
174,64.50,0.00
175,64.60,0.00
176,64.40,0.00
177,64.60,0.00
178,65.10,0.00
179,64.80,0.00
180,65.70,0.00
181,65.70,0.00
182,65.20,0.00
183,65.10,0.00
184,65.50,0.00
185,65.80,0.00
186,65.40,0.00
187,65.40,0.00
188,65.80,0.00
189,65.70,0.00
190,66.10,0.00
191,66.20,0.00
192,66.40,0.00
193,66.20,0.00
194,65.90,0.00
195,67.70,0.00
196,66.60,0.00
197,67.50,0.00
198,66.80,0.00
199,67.00,0.00
200,67.40,0.00
201,67.30,0.00
202,67.60,0.00
203,67.30,0.00
204,67.40,0.00
205,67.50,0.00
206,67.90,0.00
207,68.00,0.00
208,67.80,0.00
209,69.30,0.00
210,68.30,0.00
211,68.40,0.00
212,69.20,0.00
213,69.10,0.00
214,68.70,0.00
215,68.70,0.00
216,69.70,0.00
217,69.10,0.00
218,69.30,0.00
219,69.10,0.00
220,69.70,0.00
221,69.60,0.00
222,70.50,0.00
223,69.90,0.00
224,70.10,0.00
225,70.20,0.00
226,70.80,0.00
227,70.60,0.00
228,70.70,0.00
229,70.50,0.00
230,70.80,0.00
231,70.90,0.00
232,71.00,0.00
233,71.60,0.00
234,71.30,0.00
235,71.40,0.00
236,71.60,0.00
237,71.70,0.00
238,71.30,0.00
239,71.90,0.00
240,72.10,0.00
241,72.20,0.00
242,72.70,0.00
243,72.50,0.00
244,72.50,0.00
245,72.60,0.00
246,72.70,0.00
247,72.60,0.00
248,73.20,0.00
249,73.40,0.00
250,73.30,0.00
251,73.40,0.00
252,73.80,0.00
253,73.40,0.00
254,73.80,0.00
255,73.90,0.00
256,74.20,0.00
257,74.80,0.00
258,74.30,0.00
259,74.40,0.00
260,74.60,0.00
261,74.80,0.00
262,75.90,0.00
263,74.90,0.00
264,75.10,0.00
265,75.80,0.00
266,75.50,0.00
267,75.30,0.00
268,75.70,0.00
269,75.50,0.00
270,76.00,0.00
271,76.00,0.00
272,76.30,0.00
273,76.30,0.00
274,76.30,0.00
275,76.30,0.00
276,76.70,0.00
277,76.70,0.00
278,76.80,0.00
279,77.20,0.00
280,77.20,0.00
281,77.40,0.00
282,77.70,0.00
283,77.40,0.00
284,78.40,0.00
285,78.10,0.00
286,78.10,0.00
287,79.10,0.00
288,78.40,0.00
289,78.60,0.00
290,78.50,0.00
291,79.10,0.00
292,79.20,0.00
293,79.10,0.00
294,79.30,0.00
295,79.70,0.00
296,79.60,0.00
297,79.30,0.00
298,79.80,0.00
299,79.60,0.00
300,79.50,0.00
301,80.10,0.00
302,80.20,0.00
303,80.30,0.00
304,80.70,0.00
305,80.60,0.00
306,80.70,0.00
307,80.60,0.00
308,81.00,0.00
309,81.60,0.00
310,81.30,0.00
311,81.00,0.00
312,81.70,0.00
313,81.80,0.00
314,81.40,0.00
315,81.60,0.00
316,82.30,0.00
317,82.40,0.00
318,82.50,0.00
319,82.70,0.00
320,82.60,0.00
321,82.70,0.00
322,82.90,0.00
323,83.20,0.00
324,83.10,0.00
325,83.30,0.00
326,83.50,0.00
327,83.70,0.00
328,83.60,0.00
329,83.90,0.00
330,84.20,0.00
331,84.80,0.00
332,84.40,0.00
333,84.10,0.00
334,84.60,0.00
335,84.50,0.00
336,85.90,0.00
337,85.00,0.00
338,85.20,0.00
339,85.20,0.00
340,85.40,0.00
341,85.60,0.00
342,85.90,0.00
343,86.10,0.00
344,86.50,0.00
345,87.10,0.00
346,86.60,0.00
347,86.40,0.00
348,86.60,0.00
349,86.50,0.00
350,87.40,0.00
351,87.20,0.00
352,87.00,0.00
353,87.40,0.00
354,87.90,0.00
355,88.50,0.00
356,87.70,0.00
357,88.20,0.00
358,88.20,0.00
359,88.20,0.00
360,88.70,0.00
361,88.90,0.00
362,88.60,0.00
363,89.20,0.00
364,89.20,0.00
365,89.00,0.00
366,89.00,0.00
367,89.70,0.00
368,89.50,0.00
369,90.20,0.00
370,90.00,0.00
371,90.30,0.00
372,90.40,0.00
373,90.70,0.00
374,90.60,0.00
375,90.70,0.00
376,90.90,0.00
377,90.90,0.00
378,91.40,0.00
379,91.30,0.00
380,91.30,0.00
381,91.70,0.00
382,91.90,0.00
383,92.50,0.00
384,92.00,0.00
385,92.20,0.00
386,92.10,0.00
387,92.70,0.00
388,92.80,0.00
389,93.10,0.00
390,93.20,0.00
391,93.30,0.00
392,93.50,0.00
393,93.60,0.00
394,93.60,0.00
395,94.00,0.00
396,93.60,0.00
397,94.90,0.00
398,94.50,0.00
399,94.60,0.00
400,94.80,0.00
401,94.90,0.00
402,94.60,0.00
403,95.10,0.00
404,95.50,0.00
405,95.10,0.00
406,95.60,0.00
407,95.80,0.00
408,96.10,0.00
409,96.20,0.00
410,97.30,0.00
411,96.30,0.00
412,96.60,0.00
413,96.10,0.00
414,96.90,0.00
415,97.30,0.00
416,97.10,0.00
417,97.70,0.00
418,97.30,0.00
419,97.60,0.00
420,98.10,0.00
421,98.00,0.00
422,97.90,0.00
423,98.30,0.00
424,98.70,0.00
425,98.50,0.00
426,98.70,0.00
427,98.90,0.00
428,99.20,0.00
429,99.00,0.00
430,99.30,0.00
431,99.70,0.30
432,99.70,0.00
433,99.80,0.02
434,100.30,0.66
435,100.20,0.00
436,100.50,0.44
437,100.50,0.23
438,100.80,0.69
439,100.90,0.74
440,101.10,0.73
441,101.00,0.38
442,101.90,1.65
443,101.30,0.02
444,101.70,1.27
445,101.70,0.98
446,102.00,1.34
447,101.90,0.88
448,102.20,1.05
449,102.20,1.18
450,102.30,1.35
451,102.60,1.31
452,102.80,1.74
453,103.00,1.85
454,103.10,1.00
455,103.10,1.77
456,103.60,2.55
457,103.10,0.00
458,103.40,2.35
459,103.80,2.66
460,104.20,2.69
461,104.30,2.67
462,104.50,2.90
463,104.60,3.02
464,104.80,3.15
465,104.70,2.83
466,105.70,4.31
467,106.10,4.11
468,105.20,2.38
469,105.60,3.61
470,106.60,5.16
471,105.80,2.95
472,105.80,4.01
473,106.30,4.70
474,106.20,4.08
475,106.50,4.64
476,106.80,4.93
477,106.50,4.22
478,107.30,4.91
479,106.80,4.32
480,106.90,5.06
481,107.40,5.51
482,108.20,6.57
483,107.40,4.58
484,107.90,5.58
485,108.20,6.31
486,108.40,6.36
487,108.50,6.45
488,109.30,7.62
489,108.60,5.79
490,108.90,6.93
491,109.10,7.20
492,109.20,7.22
493,109.10,7.12
494,109.20,7.45
495,109.70,8.18
496,109.70,7.82
497,109.90,8.20
498,109.50,7.47
499,110.10,7.91
500,110.20,8.57
501,110.50,9.01
502,110.70,9.07
503,110.80,9.20
504,111.20,9.79
505,111.20,9.56
506,111.40,9.96
507,111.60,10.15
508,111.70,10.71
509,111.90,10.58
510,112.10,10.77
511,112.40,11.11
512,112.30,10.86
513,112.60,11.52
514,113.20,12.32
515,112.90,11.35
516,113.40,12.53
517,113.90,13.09
518,113.20,11.52
519,113.10,12.23
520,113.80,13.08
521,113.70,12.84
522,113.90,13.37
523,114.00,12.91
524,114.50,14.32
525,114.50,13.91
526,114.70,14.34
527,114.40,14.04
528,114.90,15.13
529,114.90,14.72
530,115.10,15.18
531,115.40,15.65
532,115.20,15.17
533,115.50,15.88
534,115.70,16.21
535,115.70,16.13
536,116.10,17.22
537,115.80,16.27
538,116.00,17.03
539,116.20,17.08
540,117.10,18.68
541,116.70,17.27
542,117.80,19.53
543,116.90,17.27
544,116.90,18.37
545,117.30,18.95
546,117.60,19.44
547,117.30,18.83
548,118.00,19.87
549,118.70,20.97
550,118.00,19.33
551,118.00,19.86
552,118.40,21.15
553,118.50,21.04
554,118.60,21.30
555,118.70,21.61
556,118.80,21.81
557,118.90,22.18
558,119.00,22.39
559,119.10,22.60
560,119.20,22.87
561,119.40,23.34
562,119.50,23.44
563,119.50,23.51
564,119.60,23.99
565,119.80,24.36
566,119.80,24.32
567,119.90,24.71
568,120.00,25.03
569,120.00,25.10
570,120.00,25.34
571,120.10,25.77
572,120.10,25.84
573,120.30,26.27
574,120.40,26.60
575,120.40,26.67
576,120.40,26.92
577,120.50,27.35
578,120.60,27.57
579,120.50,27.57
580,120.80,28.41
581,120.80,28.27
582,120.80,28.63
583,120.90,28.96
584,120.90,29.04
585,121.10,29.60
586,121.10,29.67
587,121.00,29.71
588,121.10,30.12
589,121.20,30.56
590,121.20,30.63
591,121.40,31.20
592,121.20,30.97
593,121.40,31.67
594,121.40,31.83
595,121.40,32.02
596,121.50,32.35
597,121.50,32.43
598,121.60,32.95
599,121.70,33.19
600,121.60,33.12
601,121.80,33.79
602,121.80,33.88
603,121.80,34.07
604,121.80,34.55
605,121.80,34.63
606,121.80,34.82
607,121.90,35.24
608,121.90,35.43
609,122.00,35.77
610,122.10,36.20
611,122.10,36.28
612,122.10,36.48
613,122.10,36.86
614,122.10,37.05
615,122.20,37.39
616,122.20,37.78
617,122.20,37.86
618,122.20,38.06
619,122.30,38.49
620,122.30,38.68
621,122.30,38.87
622,122.40,39.41
623,122.30,39.35
624,122.40,39.80
625,122.50,40.12
626,122.40,40.17
627,122.50,40.62
628,122.50,40.90
629,122.60,41.25
630,122.60,41.34
631,122.60,41.73
632,122.60,41.93
633,122.70,42.27
634,122.80,42.60
635,122.80,42.80
636,122.90,43.15
637,123.00,43.59
638,123.00,43.68
639,123.00,43.88
640,123.10,44.43
641,123.20,44.68
642,123.10,44.62
643,123.10,45.02
644,123.20,45.48
645,123.20,45.58
646,123.30,46.02
647,123.30,46.22
648,123.30,46.43
649,123.40,46.98
650,123.40,47.08
651,123.40,47.28
652,123.40,47.69
653,123.40,47.89
654,123.60,48.39
655,123.70,48.85
656,123.70,48.84
657,123.70,49.04
658,123.80,49.60
659,123.70,49.55
660,123.80,50.02
661,123.90,50.37
662,123.90,50.58
663,123.90,50.78
664,124.00,51.24
665,124.10,51.60
666,124.10,51.70
667,124.10,52.12
668,124.10,52.33
669,124.10,52.54
670,124.10,52.96
671,124.20,53.32
672,124.30,53.57
673,124.30,53.88
674,124.30,54.10
675,124.30,54.31
676,124.30,54.62
677,124.50,55.24
678,124.50,55.24
679,124.50,55.66
680,124.50,55.88
681,124.50,56.09
682,124.60,56.66
683,124.60,56.77
684,124.60,56.98
685,124.70,57.46
686,124.70,57.67
687,124.80,58.03
688,124.80,58.46
689,124.70,58.42
690,124.80,58.89
691,124.80,59.22
692,124.80,59.43
693,124.90,59.80
694,125.00,60.38
695,125.10,60.53
696,125.00,60.49
697,125.00,61.03
698,125.00,61.25
699,125.00,61.47
700,125.10,61.95
701,125.20,62.31
702,125.30,62.58
703,125.20,62.86
704,125.10,62.93
705,125.20,63.41
706,125.40,64.04
707,125.30,63.89
708,125.30,64.22
709,125.30,64.66
710,125.40,65.03
711,125.40,65.14
712,125.30,65.43
713,125.50,66.06
714,125.50,66.07
715,125.50,66.51
716,125.40,66.58
717,125.50,67.06
718,125.50,67.50
719,125.50,67.61
720,125.60,67.99
721,125.50,68.17
722,125.60,68.65
723,125.60,68.77
724,125.70,69.36
725,125.70,69.48
726,125.60,69.55
727,125.70,70.14
728,125.80,70.52
729,125.70,70.48
730,125.80,71.19
731,125.90,71.45
732,125.80,71.42
733,125.80,71.98
734,125.90,72.35
735,125.90,72.47
736,125.90,72.92
737,126.00,73.29
738,125.90,73.26
739,126.00,73.86
740,126.00,74.09
741,125.90,74.16
742,126.10,74.91
743,126.00,74.88
744,126.10,75.36
745,126.00,75.56
746,126.10,76.04
747,126.10,76.16
748,125.90,76.31
749,126.10,77.05
750,126.10,77.07
751,126.20,77.67
752,126.10,77.64
753,126.10,77.97
754,126.30,78.62
755,126.40,78.89
756,126.20,78.71
757,126.30,79.43
758,126.40,79.80
759,126.40,79.93
760,126.30,80.34
761,126.40,80.72
762,126.40,80.84
763,126.40,81.30
764,126.50,81.68
765,126.50,81.80
766,126.40,82.11
767,126.40,82.45
768,126.50,82.82
769,126.60,83.33
770,126.60,83.45
771,126.60,83.68
772,126.60,84.14
773,126.60,84.37
774,126.60,84.61
775,126.60,84.84
776,126.70,85.45
777,126.60,85.42
778,126.60,85.88
779,126.60,86.22
780,126.70,86.60
781,126.60,86.91
782,126.60,87.14
783,126.70,87.53
784,126.70,87.88
785,126.70,88.11
786,126.60,88.20
787,126.80,88.85
788,126.70,88.93
789,126.70,89.27
790,126.80,89.78
791,126.70,89.86
792,126.80,90.35
793,126.80,90.60
794,126.90,91.09
795,126.80,91.07
796,126.70,91.26
797,126.80,91.87
798,126.80,92.10
799,126.80,92.46
800,126.80,92.80
801,126.70,92.88
802,126.90,93.54
803,126.90,93.78
804,126.90,94.01
805,126.80,94.33
806,126.90,94.81
807,126.80,94.79
808,127.00,95.66
809,126.80,95.38
810,126.90,95.98
811,126.80,96.19
812,127.00,96.83
813,126.80,96.55
814,127.10,97.47
815,127.00,97.44
816,126.90,97.63
817,126.90,98.21
818,126.80,98.29
819,126.90,98.78
820,127.00,99.40
821,126.90,99.27
822,126.90,99.61
823,126.90,99.84
824,126.90,100.31
825,126.70,100.24
826,126.80,100.75
827,126.80,101.19
828,126.90,101.58
829,126.90,102.04
830,126.90,102.17
831,126.90,102.40
832,126.90,102.97
833,127.00,103.25
834,126.90,103.23
835,126.90,103.57
836,126.80,103.99
837,126.90,104.37
838,127.00,104.65
839,127.00,105.12
840,126.90,105.09
