  //PID cohen coon
  Kp = 4.321;
  Ki = 0.578;
  Kd = 1.596;


Sampling every 200 ms
Sample Number,Current Temperature, Controller Output
0,53.40,0.00
1,54.20,0.00
2,54.00,0.00
3,53.80,0.00
4,53.80,0.00
5,54.10,0.00
6,54.20,0.00
7,54.20,0.00
8,55.50,0.00
9,53.70,0.00
10,53.90,0.00
11,54.10,0.00
12,54.60,0.00
13,54.30,0.00
14,54.30,0.00
15,54.40,0.00
16,54.30,0.00
17,54.60,0.00
18,54.20,0.00
19,54.50,0.00
20,54.50,0.00
21,56.00,0.00
22,54.60,0.00
23,55.30,0.00
24,55.80,0.00
25,54.80,0.00
26,55.30,0.00
27,54.80,0.00
28,55.10,0.00
29,55.20,0.00
30,55.40,0.00
31,54.70,0.00
32,55.50,0.00
33,55.10,0.00
34,55.00,0.00
35,56.20,0.00
36,55.90,0.00
37,55.60,0.00
38,55.60,0.00
39,55.90,0.00
40,56.20,0.00
41,57.20,0.00
42,56.40,0.00
43,55.80,0.00
44,56.20,0.00
45,56.10,0.00
46,56.60,0.00
47,56.00,0.00
48,56.60,0.00
49,56.70,0.00
50,56.20,0.00
51,56.80,0.00
52,56.90,0.00
53,56.60,0.00
54,56.80,0.00
55,56.80,0.00
56,56.50,0.00
57,56.50,0.00
58,56.80,0.00
59,57.10,0.00
60,57.10,0.00
61,57.10,0.00
62,57.40,0.00
63,57.50,0.00
64,57.40,0.00
65,57.80,0.00
66,57.50,0.00
67,57.70,0.00
68,57.20,0.00
69,58.10,0.00
70,58.10,0.00
71,57.50,0.00
72,58.10,0.00
73,59.00,0.00
74,58.20,0.00
75,58.10,0.00
76,58.50,0.00
77,58.50,0.00
78,58.20,0.00
79,58.80,0.00
80,58.60,0.00
81,58.60,0.00
82,58.70,0.00
83,58.90,0.00
84,60.00,0.00
85,59.10,0.00
86,58.90,0.00
87,59.60,0.00
88,59.50,0.00
89,59.40,0.00
90,59.50,0.00
91,59.50,0.00
92,59.40,0.00
93,59.50,0.00
94,59.70,0.00
95,59.70,0.00
96,59.80,0.00
97,60.00,0.00
98,60.20,0.00
99,60.10,0.00
100,60.30,0.00
101,60.70,0.00
102,61.80,0.00
103,60.50,0.00
104,60.50,0.00
105,60.70,0.00
106,60.80,0.00
107,60.80,0.00
108,60.90,0.00
109,61.80,0.00
110,61.00,0.00
111,61.10,0.00
112,61.20,0.00
113,61.30,0.00
114,61.50,0.00
115,63.00,0.00
116,61.60,0.00
117,61.70,0.00
118,61.60,0.00
119,62.00,0.00
120,61.80,0.00
121,62.10,0.00
122,61.80,0.00
123,62.40,0.00
124,62.40,0.00
125,62.50,0.00
126,62.70,0.00
127,62.80,0.00
128,63.60,0.00
129,62.70,0.00
130,62.60,0.00
131,62.60,0.00
132,63.50,0.00
133,63.30,0.00
134,63.00,0.00
135,63.20,0.00
136,63.20,0.00
137,63.30,0.00
138,63.70,0.00
139,63.70,0.00
140,64.80,0.00
141,63.90,0.00
142,63.60,0.00
143,64.20,0.00
144,63.60,0.00
145,64.00,0.00
146,64.50,0.00
147,64.60,0.00
148,65.10,0.00
149,64.50,0.00
150,65.70,0.00
151,64.40,0.00
152,64.70,0.00
153,64.90,0.00
154,66.30,0.00
155,65.10,0.00
156,65.50,0.00
157,65.60,0.00
158,65.20,0.00
159,65.50,0.00
160,66.40,0.00
161,65.40,0.00
162,66.60,0.00
163,66.20,0.00
164,65.70,0.00
165,66.30,0.00
166,66.30,0.00
167,66.30,0.00
168,66.60,0.00
169,66.50,0.00
170,66.70,0.00
171,66.80,0.00
172,66.80,0.00
173,68.50,0.00
174,67.40,0.00
175,68.40,0.00
176,67.40,0.00
177,67.20,0.00
178,67.50,0.00
179,67.50,0.00
180,67.90,0.00
181,67.90,0.00
182,67.70,0.00
183,68.10,0.00
184,68.10,0.00
185,68.20,0.00
186,69.10,0.00
187,68.60,0.00
188,68.60,0.00
189,68.70,0.00
190,68.70,0.00
191,69.10,0.00
192,69.80,0.00
193,69.60,0.00
194,69.10,0.00
195,69.40,0.00
196,69.60,0.00
197,69.50,0.00
198,69.40,0.00
199,70.30,0.00
200,69.70,0.00
201,70.20,0.00
202,70.20,0.00
203,70.00,0.00
204,70.30,0.00
205,70.60,0.00
206,71.00,0.00
207,70.60,0.00
208,70.80,0.00
209,70.40,0.00
210,71.00,0.00
211,71.20,0.00
212,71.30,0.00
213,71.70,0.00
214,72.30,0.00
215,71.60,0.00
216,72.70,0.00
217,71.80,0.00
218,72.30,0.00
219,72.30,0.00
220,72.20,0.00
221,73.40,0.00
222,72.30,0.00
223,72.70,0.00
224,72.70,0.00
225,73.00,0.00
226,72.90,0.00
227,73.10,0.00
228,73.30,0.00
229,73.30,0.00
230,73.40,0.00
231,73.50,0.00
232,73.50,0.00
233,73.40,0.00
234,74.00,0.00
235,74.20,0.00
236,73.80,0.00
237,74.40,0.00
238,74.30,0.00
239,74.40,0.00
240,74.70,0.00
241,74.70,0.00
242,74.70,0.00
243,74.80,0.00
244,75.10,0.00
245,75.20,0.00
246,75.40,0.00
247,75.60,0.00
248,75.50,0.00
249,75.70,0.00
250,75.90,0.00
251,75.90,0.00
252,76.10,0.00
253,76.00,0.00
254,76.20,0.00
255,76.50,0.00
256,76.80,0.00
257,76.90,0.00
258,76.90,0.00
259,76.70,0.00
260,77.20,0.00
261,78.40,0.00
262,77.40,0.00
263,78.10,0.00
264,78.10,0.00
265,77.80,0.00
266,77.80,0.00
267,78.20,0.00
268,78.30,0.00
269,78.40,0.00
270,78.60,0.00
271,78.70,0.00
272,78.60,0.00
273,78.80,0.00
274,79.90,0.00
275,79.10,0.00
276,79.20,0.00
277,79.40,0.00
278,79.60,0.00
279,79.60,0.00
280,80.10,0.00
281,79.90,0.00
282,81.00,0.00
283,80.30,0.00
284,80.30,0.00
285,80.50,0.00
286,80.70,0.00
287,80.80,0.00
288,80.90,0.00
289,81.20,0.00
290,81.00,0.00
291,81.50,0.00
292,81.50,0.00
293,81.60,0.00
294,81.80,0.00
295,82.00,0.00
296,82.00,0.00
297,82.90,0.00
298,82.60,0.00
299,82.50,0.00
300,82.60,0.00
301,82.70,0.00
302,83.80,0.00
303,83.60,0.00
304,83.10,0.00
305,83.30,0.00
306,83.60,0.00
307,83.60,0.00
308,83.70,0.00
309,83.90,0.00
310,84.00,0.00
311,84.20,0.00
312,84.80,0.00
313,84.30,0.00
314,85.00,0.00
315,84.70,0.00
316,84.90,0.00
317,85.00,0.00
318,85.20,0.00
319,85.20,0.00
320,85.50,0.00
321,85.60,0.00
322,85.40,0.00
323,85.60,0.00
324,86.00,0.00
325,86.70,0.00
326,86.40,0.00
327,86.60,0.00
328,87.10,0.00
329,86.50,0.00
330,87.00,0.00
331,86.70,0.00
332,86.90,0.00
333,87.10,0.00
334,87.50,0.00
335,88.40,0.00
336,87.70,0.00
337,87.60,0.00
338,87.80,0.00
339,88.10,0.00
340,88.80,0.00
341,89.20,0.00
342,88.40,0.00
343,88.60,0.00
344,88.80,0.00
345,88.90,0.00
346,89.20,0.00
347,90.10,0.00
348,90.00,0.00
349,89.60,0.00
350,89.50,0.00
351,89.50,0.00
352,90.00,0.00
353,90.10,0.00
354,90.30,0.00
355,90.70,0.00
356,90.60,0.00
357,90.80,0.00
358,90.50,0.00
359,90.80,0.00
360,91.60,0.00
361,91.40,0.00
362,91.40,0.00
363,91.60,0.00
364,91.80,0.00
365,91.90,0.00
366,91.80,0.00
367,92.20,0.00
368,92.60,0.00
369,92.50,0.00
370,92.40,0.00
371,92.80,0.00
372,92.80,0.00
373,93.00,0.00
374,92.90,0.00
375,93.40,0.00
376,94.00,0.00
377,93.60,0.00
378,93.50,0.00
379,94.10,0.00
380,94.20,0.00
381,94.20,0.00
382,94.40,0.00
383,94.40,0.00
384,95.10,0.00
385,94.60,0.00
386,95.20,0.00
387,95.00,0.00
388,95.90,0.00
389,95.40,0.00
390,95.00,0.00
391,95.60,0.00
392,95.90,0.00
393,96.10,0.00
394,96.20,0.00
395,96.00,0.00
396,97.40,2.60
397,96.40,0.00
398,96.70,0.00
399,96.80,0.00
400,97.50,0.00
401,97.50,0.00
402,97.60,0.00
403,97.60,0.00
404,97.90,0.00
405,97.90,0.00
406,97.80,0.00
407,98.30,0.00
408,98.30,0.00
409,98.50,0.00
410,98.80,0.00
411,99.00,0.00
412,99.10,0.00
413,99.50,1.03
414,99.30,0.00
415,99.60,1.46
416,99.80,4.46
417,99.80,0.00
418,100.00,2.13
419,100.10,0.00
420,100.00,0.00
421,100.60,9.05
422,100.80,6.84
423,101.10,8.23
424,101.10,5.13
425,101.40,9.84
426,101.90,14.29
427,101.60,4.62
428,101.60,7.95
429,101.80,9.13
430,102.10,13.80
431,102.40,15.49
432,102.50,14.01
433,102.60,14.67
434,102.70,15.56
435,103.20,22.25
436,103.10,15.70
437,103.20,12.48
438,103.40,21.09
439,104.00,28.28
440,103.70,21.24
441,104.00,26.08
442,103.90,21.73
443,104.40,27.83
444,104.30,24.57
445,104.60,30.52
446,104.50,25.57
447,104.90,34.11
448,105.10,33.29
449,105.10,32.04
450,105.30,35.49
451,105.40,35.33
452,105.70,41.83
453,106.00,41.52
454,105.90,37.34
455,106.10,41.38
456,106.10,40.85
457,106.40,45.89
458,106.40,43.25
459,106.70,46.77
460,106.40,41.77
461,107.60,58.85
462,107.10,44.54
463,107.20,51.98
464,107.50,56.05
465,107.60,56.72
466,107.80,58.26
467,107.90,57.94
468,108.40,66.14
469,108.30,60.05
470,108.30,60.44
471,108.50,66.30
472,109.00,72.43
473,108.80,69.88
474,109.20,74.54
475,109.20,71.08
476,109.60,76.58
477,109.70,76.79
478,109.70,76.57
479,109.90,80.20
480,109.70,76.99
481,110.70,95.01
482,110.30,84.42
483,110.50,88.33
484,110.50,87.11
485,110.20,83.50
486,111.10,97.79
487,111.10,93.43
488,111.20,95.80
489,112.10,110.32
490,111.70,95.77
491,111.70,104.17
492,111.80,104.56
493,111.90,106.02
494,112.20,110.48
495,112.60,115.43
496,112.40,109.26
497,112.60,115.49
498,112.40,112.51
499,112.80,121.73
500,113.00,121.59
501,113.00,121.72
502,113.70,133.38
503,113.20,122.89
504,113.40,130.24
505,113.60,132.28
506,113.90,135.97
507,114.00,136.55
508,114.00,136.70
509,114.20,141.09
510,114.30,142.76
511,114.30,142.93
512,114.40,145.68
513,114.60,151.18
514,114.70,150.75
515,114.50,148.17
516,115.00,160.15
517,115.20,159.14
518,115.60,163.55
519,115.40,159.77
520,115.70,167.75
521,115.50,165.32
522,115.60,169.23
523,115.80,172.53
524,115.80,171.77
525,115.60,171.50
526,116.40,187.02
527,116.30,178.43
528,116.40,188.04
529,116.50,185.65
530,116.70,189.03
531,116.90,197.03
532,116.80,190.60
533,117.80,208.17
534,117.10,197.47
535,117.70,207.98
536,117.20,195.61
537,117.40,207.98
538,117.30,204.79
539,117.40,208.86
540,117.70,212.16
541,117.70,213.69
542,117.70,215.23
543,118.00,220.70
544,118.00,221.20
545,118.10,224.26
546,118.20,224.68
547,118.30,229.89
548,118.60,234.92
549,118.40,229.84
550,118.80,241.71
551,118.70,237.58
552,119.70,249.54
553,118.80,234.52
554,119.00,248.73
555,119.20,251.85
556,119.20,252.45
557,119.20,254.12
558,119.30,255.00
559,119.60,255.00
560,119.50,255.00
561,119.70,255.00
562,119.70,255.00
563,119.70,255.00
564,120.00,255.00
565,119.90,255.00
566,120.00,255.00
567,120.20,255.00
568,120.40,255.00
569,120.10,255.00
570,120.10,255.00
571,120.10,255.00
572,120.40,255.00
573,120.30,255.00
574,120.30,255.00
575,120.60,255.00
576,120.50,255.00
577,121.20,255.00
578,120.80,255.00
579,120.70,255.00
580,120.90,255.00
581,121.00,255.00
582,120.90,255.00
583,121.00,255.00
584,121.10,255.00
585,121.10,255.00
586,121.60,255.00
587,121.20,255.00
588,121.20,255.00
589,122.10,255.00
590,121.20,255.00
591,121.40,255.00
592,121.30,255.00
593,121.60,255.00
594,121.60,255.00
595,122.10,255.00
596,121.60,255.00
597,121.50,255.00
598,121.50,255.00
599,121.90,255.00
600,121.70,255.00
601,121.70,255.00
602,121.60,255.00
603,122.10,255.00
604,123.00,255.00
605,121.90,255.00
606,121.90,255.00
607,122.20,255.00
608,121.80,255.00
609,122.30,255.00
610,122.30,255.00
611,122.50,255.00
612,122.30,255.00
613,122.30,255.00
614,122.30,255.00
615,122.40,255.00
616,122.40,255.00
617,122.30,255.00
618,122.50,255.00
619,122.70,255.00
620,122.60,255.00
621,122.60,255.00
622,122.70,255.00
623,123.30,255.00
624,122.60,255.00
625,122.70,255.00
626,122.70,255.00
627,122.90,255.00
628,123.00,255.00
629,123.00,255.00
630,123.00,255.00
631,122.50,255.00
632,122.90,255.00
633,123.10,255.00
634,122.80,255.00
635,123.90,255.00
636,123.00,255.00
637,122.80,255.00
638,123.00,255.00
639,123.30,255.00
640,123.20,255.00
641,123.20,255.00
642,123.40,255.00
643,123.40,255.00
644,123.40,255.00
645,123.20,255.00
646,123.10,255.00
647,123.50,255.00
648,123.60,255.00
649,123.60,255.00
650,123.50,255.00
651,124.30,255.00
652,123.80,255.00
653,123.30,255.00
654,123.60,255.00
655,123.70,255.00
656,123.50,255.00
657,123.50,255.00
658,123.30,255.00
659,124.10,255.00
660,123.70,255.00
661,123.70,255.00
662,124.30,255.00
663,123.80,255.00
664,123.70,255.00
665,124.10,255.00
666,123.80,255.00
667,123.60,255.00
668,124.10,255.00
669,124.00,255.00
670,124.00,255.00
671,124.80,255.00
672,124.00,255.00
673,123.90,255.00
674,124.00,255.00
675,124.10,255.00
676,124.10,255.00
677,124.10,255.00
678,123.90,255.00
679,124.10,255.00
680,123.80,255.00
681,124.10,255.00
682,123.80,255.00
683,123.90,255.00
684,123.90,255.00
685,124.10,255.00
686,124.30,255.00
687,124.00,255.00
688,124.30,255.00
689,123.90,255.00
690,124.00,255.00
691,124.10,255.00
692,124.20,255.00
693,124.10,255.00
694,124.20,255.00
695,124.20,255.00
696,124.70,255.00
697,124.30,255.00
698,123.90,255.00
699,124.40,255.00
700,124.20,255.00
701,124.20,255.00
702,124.30,255.00
703,124.40,255.00
704,124.10,255.00
705,124.40,255.00
706,125.00,255.00
707,124.40,255.00
708,124.30,255.00
709,124.10,255.00
710,124.50,255.00
711,124.50,255.00
712,124.50,255.00
713,124.30,255.00
714,124.10,255.00
715,124.30,255.00
716,124.30,255.00
717,124.40,255.00
718,125.00,255.00
719,124.50,255.00
720,124.80,255.00
721,124.30,255.00
722,124.30,255.00
723,124.40,255.00
724,124.40,255.00
725,124.30,255.00
726,124.50,255.00
727,123.80,255.00
728,124.40,255.00
729,123.90,255.00
730,124.40,255.00
731,124.70,255.00
732,124.50,255.00
733,124.40,255.00
734,124.50,255.00
735,124.50,255.00
736,124.60,255.00
737,124.10,255.00
738,124.60,255.00
739,124.60,255.00
740,125.00,255.00
741,124.50,255.00
742,124.90,255.00
743,124.50,255.00
744,124.50,255.00
745,124.50,255.00
746,124.50,255.00
747,124.50,255.00
748,124.60,255.00
749,124.50,255.00
750,124.60,255.00
751,125.10,255.00
752,124.50,255.00
753,124.50,255.00
754,124.50,255.00
755,124.50,255.00
756,124.50,255.00
757,124.50,255.00
758,124.40,255.00
759,124.50,255.00
760,125.00,255.00
761,124.70,255.00
762,124.60,255.00
763,124.50,255.00
764,124.60,255.00
765,124.50,255.00
766,124.30,255.00
767,124.60,255.00
768,124.60,255.00
769,125.10,255.00
770,124.70,255.00
771,124.30,255.00
772,125.10,255.00
773,124.60,255.00
774,124.60,255.00
775,124.50,255.00
776,124.60,255.00
777,125.40,255.00
778,124.50,255.00
779,124.50,255.00
780,124.50,255.00
781,124.50,255.00
782,124.80,255.00
783,124.50,255.00
784,124.50,255.00
785,124.20,255.00
786,124.50,255.00
787,124.30,255.00
788,124.40,255.00
789,124.50,255.00
790,124.30,255.00
791,124.50,255.00
792,124.00,255.00
793,124.40,255.00
794,124.30,255.00
795,124.20,255.00
796,124.00,255.00
797,124.30,255.00
798,124.30,255.00
799,124.30,255.00
800,124.20,255.00
801,124.30,255.00
802,124.10,255.00
803,124.20,255.00
804,124.10,255.00
805,124.30,255.00
806,124.30,255.00
807,124.00,255.00
808,123.90,255.00
809,124.00,255.00
810,123.90,255.00
811,123.60,255.00
812,124.00,255.00
813,124.90,255.00
814,124.00,255.00
815,123.70,255.00
816,123.90,255.00
817,123.90,255.00
818,123.90,255.00
819,123.90,255.00
820,123.80,255.00
821,123.60,255.00
822,124.20,255.00
823,123.90,255.00
824,123.70,255.00
825,123.70,255.00
826,123.60,255.00
827,123.50,255.00
828,123.40,255.00
829,124.40,255.00
830,123.40,255.00
831,123.50,255.00
832,123.60,255.00
833,123.50,255.00
834,123.40,255.00
835,123.50,255.00
836,124.20,255.00
837,123.70,255.00
838,123.50,255.00
839,123.00,255.00
840,123.30,255.00
841,123.40,255.00
842,123.30,255.00
843,123.30,255.00
844,123.30,255.00
845,123.70,255.00
846,123.30,255.00
847,123.30,255.00
848,123.30,255.00
849,123.00,255.00
850,123.40,255.00
851,123.80,255.00
852,123.20,255.00
853,123.40,255.00
854,123.20,255.00
855,122.80,255.00
856,123.30,255.00
857,123.10,255.00
858,123.20,255.00
859,122.90,255.00
860,123.10,255.00
861,123.20,255.00
862,123.20,255.00
863,123.60,255.00
864,122.70,255.00
865,123.10,255.00
866,123.00,255.00
867,123.00,255.00
868,123.00,255.00
869,123.10,255.00
870,122.70,255.00
871,123.00,255.00
872,123.00,255.00
873,123.00,255.00
874,122.50,255.00
875,123.00,255.00
876,122.80,255.00
877,122.90,255.00
878,122.80,255.00
879,122.70,255.00
880,123.00,255.00
881,123.20,255.00
882,123.00,255.00
883,122.80,255.00
884,123.00,255.00
885,122.70,255.00
886,123.60,255.00
887,123.00,255.00
888,123.00,255.00
889,123.20,255.00
890,122.70,255.00
891,122.80,255.00
892,123.00,255.00
893,122.70,255.00
894,122.70,255.00
895,122.70,255.00
896,122.80,255.00
897,122.70,255.00
898,122.60,255.00
899,122.50,255.00
900,122.30,255.00
901,122.50,255.00
902,122.40,255.00
903,122.40,255.00
904,123.00,255.00
905,122.50,255.00
906,122.20,255.00
907,122.30,255.00
908,122.50,255.00
909,122.10,255.00
910,122.40,255.00
911,122.30,255.00
912,122.40,255.00
913,122.10,255.00
914,122.60,255.00
915,122.00,255.00
916,122.20,255.00
917,122.30,255.00
918,121.90,255.00
919,122.10,255.00
920,122.10,255.00
921,122.10,255.00
922,122.50,255.00
923,122.00,255.00
924,121.90,255.00
925,121.60,255.00
926,122.00,255.00
927,121.70,255.00
928,121.90,255.00
929,121.90,255.00
930,121.60,255.00
931,121.80,255.00
932,121.70,255.00
933,121.70,255.00
934,121.80,255.00
935,122.00,255.00
936,121.70,255.00
937,122.20,255.00
938,122.10,255.00
939,121.90,255.00
940,121.50,255.00
941,121.50,255.00
942,121.60,255.00
943,121.20,255.00
944,121.50,255.00
945,121.50,255.00
946,121.40,255.00
947,121.10,255.00
948,121.70,255.00
949,121.40,255.00
950,121.20,255.00
951,121.30,255.00
952,121.40,255.00
953,121.10,255.00
954,121.30,255.00
955,121.50,255.00
956,121.20,255.00
957,121.10,255.00
958,120.50,255.00
959,120.80,255.00
960,120.60,255.00
961,121.10,255.00
962,120.90,255.00
963,120.90,255.00
964,121.20,255.00
965,120.90,255.00
966,121.40,255.00
967,120.80,255.00
968,121.00,255.00
969,120.70,255.00
970,121.40,255.00
971,120.60,255.00
972,120.80,255.00
973,120.40,255.00
974,120.60,255.00
975,121.50,255.00
976,120.70,255.00
977,121.20,255.00
978,120.40,255.00
979,120.50,255.00
980,120.40,255.00
981,120.40,255.00
982,120.50,255.00
983,120.40,255.00
984,120.40,255.00
985,120.20,255.00
986,120.50,255.00
987,120.60,255.00
988,121.00,255.00
989,120.30,255.00
990,120.10,255.00
991,120.30,255.00
992,120.30,255.00
993,120.30,255.00
994,120.30,255.00
995,120.00,255.00
996,120.00,255.00
997,120.00,255.00
998,120.10,255.00
999,120.10,255.00
1000,120.30,255.00
1001,120.10,255.00
1002,120.00,255.00
1003,119.80,255.00
1004,120.00,255.00
1005,120.00,255.00
1006,120.30,255.00
1007,119.80,255.00
1008,119.90,255.00
1009,120.00,255.00
1010,119.90,255.00
1011,119.80,255.00
1012,119.90,255.00
1013,120.00,255.00
1014,119.90,255.00
1015,119.90,255.00
1016,119.80,255.00
1017,119.90,255.00
1018,119.70,255.00
1019,119.50,255.00
1020,119.80,255.00
1021,120.40,255.00
1022,119.70,255.00
1023,119.70,255.00
1024,119.50,255.00
1025,119.60,255.00
1026,119.70,255.00
1027,119.70,255.00
1028,119.70,255.00
1029,119.70,255.00
1030,119.30,255.00
1031,119.70,255.00
1032,119.50,255.00
1033,119.40,255.00
1034,119.40,255.00
1035,119.50,255.00
1036,119.30,255.00
1037,119.30,255.00
1038,119.60,255.00
1039,119.40,255.00
1040,119.30,255.00
1041,118.90,255.00
1042,119.20,255.00
1043,119.50,255.00
1044,119.10,255.00
1045,119.20,255.00
1046,119.30,255.00
1047,119.70,255.00
1048,119.40,255.00
1049,119.70,255.00
1050,119.20,255.00
1051,119.30,255.00
1052,119.20,255.00
1053,119.10,255.00
1054,119.50,255.00
1055,119.10,255.00
1056,119.70,255.00
1057,119.20,255.00
1058,118.90,255.00
1059,119.00,255.00
1060,119.00,255.00
1061,119.00,255.00
1062,118.80,255.00
1063,118.70,255.00
1064,119.20,255.00
1065,119.70,255.00
1066,118.80,255.00
1067,118.90,255.00
1068,119.30,255.00
1069,119.40,255.00
1070,118.70,255.00
1071,118.60,255.00
1072,118.50,255.00
1073,119.30,255.00
1074,118.90,255.00
1075,118.50,255.00
1076,118.60,255.00
1077,118.60,255.00
1078,118.40,255.00
1079,118.40,255.00
1080,118.40,255.00
1081,118.50,255.00
1082,118.50,255.00
1083,119.00,255.00
1084,118.30,255.00
1085,118.10,255.00
1086,118.60,255.00
1087,118.30,255.00
1088,118.10,255.00
1089,118.30,255.00
1090,118.30,255.00
1091,118.40,255.00
1092,118.20,255.00
1093,118.10,255.00
1094,118.20,255.00
1095,118.20,255.00
1096,117.90,255.00
1097,117.90,255.00
1098,118.10,255.00
1099,117.70,255.00
1100,117.90,255.00
1101,117.50,255.00
1102,117.80,255.00
1103,117.80,255.00
1104,118.20,255.00
1105,117.80,255.00
1106,117.60,255.00
1107,117.70,255.00
1108,117.70,255.00
1109,117.70,255.00
1110,117.40,255.00
1111,117.60,255.00
1112,117.50,255.00
1113,117.70,255.00
1114,117.60,255.00
1115,117.80,255.00
1116,117.50,255.00
1117,117.40,255.00
1118,117.30,255.00
1119,117.80,255.00
1120,117.20,255.00
1121,117.20,255.00
1122,117.20,255.00
1123,116.90,255.00
1124,117.50,255.00
1125,116.80,255.00
1126,116.90,255.00
1127,116.90,255.00
1128,116.60,255.00
1129,116.70,255.00
1130,116.80,255.00
1131,116.70,255.00
1132,116.90,255.00
1133,117.30,255.00
1134,116.60,255.00
1135,116.70,255.00
1136,116.40,255.00
1137,116.40,255.00
1138,116.50,255.00
1139,116.40,255.00
1140,116.20,255.00
1141,116.40,255.00
1142,116.20,255.00
1143,116.10,255.00
1144,116.20,255.00
1145,116.20,255.00
1146,116.00,255.00
1147,115.90,255.00
1148,116.00,255.00
1149,116.10,255.00
1150,116.00,255.00
1151,116.30,255.00
1152,115.90,255.00
1153,115.80,255.00
1154,115.40,255.00
1155,115.60,255.00
1156,115.90,255.00
1157,115.90,255.00
1158,115.60,255.00
1159,115.60,255.00
1160,115.70,255.00
1161,115.20,255.00
1162,115.60,255.00
1163,115.50,255.00
1164,115.60,255.00
1165,115.50,255.00
1166,117.00,255.00
1167,115.40,255.00
1168,115.30,255.00
1169,115.70,255.00
1170,115.40,255.00
1171,115.10,255.00
1172,115.00,255.00
1173,115.10,255.00
1174,115.10,255.00
1175,115.10,255.00
1176,114.80,255.00
1177,115.00,255.00
1178,115.50,255.00
1179,115.20,255.00
1180,114.90,255.00
1181,114.40,255.00
1182,114.80,255.00
1183,116.10,255.00
1184,114.80,255.00
1185,114.80,255.00
1186,115.10,255.00
1187,114.70,255.00
1188,114.60,255.00
1189,114.60,255.00
1190,115.20,255.00
1191,114.50,255.00
1192,114.30,255.00
1193,114.30,255.00
1194,114.00,255.00
1195,114.20,255.00
1196,114.30,255.00
1197,114.10,255.00
1198,114.10,255.00
1199,114.10,255.00
1200,114.70,255.00
1201,114.60,255.00
1202,114.10,255.00
1203,113.80,255.00
1204,114.40,255.00
1205,113.70,255.00
1206,114.10,255.00
1207,114.80,255.00
1208,113.90,255.00
1209,113.90,255.00
1210,113.90,255.00
1211,113.70,255.00
1212,113.20,255.00
1213,113.60,255.00
1214,113.90,255.00
1215,113.50,255.00
1216,113.60,255.00
1217,113.50,255.00
1218,113.80,255.00
1219,113.60,255.00
1220,113.70,255.00
1221,113.30,255.00
1222,113.50,255.00
1223,113.50,255.00
1224,113.40,255.00
1225,113.40,255.00
1226,113.50,255.00
1227,113.40,255.00
1228,113.30,255.00
1229,113.20,255.00
1230,113.40,255.00
1231,113.00,255.00
1232,113.50,255.00
1233,113.00,255.00
1234,113.10,255.00
1235,112.90,255.00
1236,113.10,255.00
1237,113.30,255.00
1238,113.00,255.00
1239,112.80,255.00
1240,112.80,255.00
1241,112.80,255.00
1242,112.60,255.00
1243,112.60,255.00
1244,112.60,255.00
1245,112.60,255.00
1246,112.70,255.00
1247,112.50,255.00
1248,112.20,255.00
1249,112.10,255.00
1250,112.40,255.00
1251,112.40,255.00
1252,112.00,255.00
1253,112.30,255.00
1254,112.20,255.00
1255,112.10,255.00
1256,112.30,255.00
1257,112.00,255.00
1258,111.80,255.00
1259,111.90,255.00
1260,111.80,255.00
1261,112.00,255.00
1262,111.70,255.00
1263,111.80,255.00
1264,112.00,255.00
1265,111.60,255.00
1266,111.80,255.00
1267,111.80,255.00
1268,112.20,255.00
1269,111.50,255.00
1270,111.60,255.00
1271,111.50,255.00
1272,111.40,255.00
1273,111.70,255.00
1274,111.30,255.00
1275,111.20,255.00
1276,111.10,255.00
1277,111.00,255.00
1278,111.20,255.00
1279,111.40,255.00
1280,110.90,255.00
1281,110.90,255.00
1282,111.20,255.00
1283,111.00,255.00
1284,111.00,255.00
1285,110.90,255.00
1286,110.80,255.00
1287,110.90,255.00
1288,111.20,255.00
1289,110.50,255.00
1290,111.60,255.00
1291,110.80,255.00
1292,110.70,255.00
1293,110.60,255.00
1294,110.80,255.00
1295,111.30,255.00
1296,110.60,255.00
1297,110.60,255.00
1298,110.50,255.00
1299,110.50,255.00
1300,112.00,255.00
1301,110.40,255.00
1302,110.40,255.00
1303,110.30,255.00
1304,110.30,255.00
1305,110.20,255.00
1306,110.00,255.00
1307,110.20,255.00
1308,110.30,255.00
1309,110.30,255.00
1310,110.10,255.00
1311,110.00,255.00
1312,110.00,255.00
1313,109.90,255.00
1314,111.00,255.00
1315,109.90,255.00
1316,110.10,255.00
1317,110.30,255.00
1318,109.80,255.00
1319,109.50,255.00
1320,109.80,255.00
1321,109.80,255.00
1322,109.70,255.00
1323,109.70,255.00
1324,109.90,255.00
1325,110.80,255.00
1326,109.60,255.00
1327,109.60,255.00
1328,109.60,255.00
1329,110.10,255.00
1330,109.60,255.00
1331,109.60,255.00
1332,109.50,255.00
1333,109.50,255.00
1334,109.70,255.00
1335,109.40,255.00
1336,109.40,255.00
1337,109.50,255.00
1338,110.30,255.00
1339,109.20,255.00
1340,108.80,255.00
1341,109.30,255.00
1342,109.20,255.00
1343,109.90,255.00
1344,109.20,255.00
1345,109.00,255.00
1346,109.00,255.00
1347,108.70,255.00
1348,108.80,255.00
1349,109.00,255.00
1350,109.00,255.00
1351,109.40,255.00
1352,109.00,255.00
1353,109.00,255.00
1354,109.20,255.00
1355,108.80,255.00
1356,109.00,255.00
1357,108.80,255.00
1358,108.50,255.00
1359,109.00,255.00
1360,108.80,255.00
1361,108.70,255.00
1362,108.70,255.00
1363,108.60,255.00
1364,108.60,255.00
1365,108.50,255.00
1366,108.50,255.00
1367,108.50,255.00
1368,108.60,255.00
1369,108.30,255.00
1370,108.40,255.00
1371,108.50,255.00
1372,108.70,255.00
1373,108.30,255.00
1374,108.80,255.00
1375,108.10,255.00
1376,108.20,255.00
1377,108.10,255.00
1378,108.20,255.00
1379,108.10,255.00
1380,107.60,255.00
1381,109.10,255.00
1382,108.00,255.00
1383,108.10,255.00
1384,107.70,255.00
1385,107.90,255.00
1386,107.90,255.00
1387,108.20,255.00
1388,107.90,255.00
1389,107.80,255.00
1390,107.70,255.00
1391,108.40,255.00
1392,107.60,255.00
1393,107.60,255.00
1394,107.80,255.00
1395,107.50,255.00
1396,107.40,255.00
1397,107.50,255.00
1398,107.30,255.00
1399,107.40,255.00
1400,107.30,255.00
1401,107.20,255.00
1402,107.50,255.00
1403,107.40,255.00
1404,106.90,255.00
1405,107.40,255.00
1406,107.30,255.00
1407,107.20,255.00
1408,107.00,255.00
1409,106.60,255.00
1410,107.00,255.00
1411,106.90,255.00
1412,107.10,255.00
1413,107.10,255.00
1414,107.00,255.00
1415,106.60,255.00
1416,106.80,255.00
1417,106.70,255.00
1418,107.00,255.00
1419,106.90,255.00
1420,106.90,255.00
1421,106.80,255.00
1422,107.20,255.00
1423,106.90,255.00
1424,106.60,255.00
1425,106.70,255.00
1426,106.70,255.00
1427,106.70,255.00
1428,106.70,255.00
1429,107.30,255.00
1430,106.70,255.00
1431,106.50,255.00
1432,107.10,255.00
1433,106.50,255.00
1434,106.60,255.00
1435,105.90,255.00
1436,106.30,255.00
1437,106.40,255.00
1438,106.20,255.00
1439,106.40,255.00
1440,106.50,255.00
1441,106.40,255.00
1442,107.00,255.00
1443,106.40,255.00
1444,106.20,255.00
1445,106.20,255.00
1446,106.70,255.00
1447,105.80,255.00
1448,106.30,255.00
1449,106.00,255.00
1450,106.10,255.00
1451,106.20,255.00
1452,106.20,255.00
1453,106.10,255.00
1454,106.10,255.00
1455,106.00,255.00
1456,106.00,255.00
1457,106.00,255.00
1458,106.10,255.00
1459,105.80,255.00
1460,105.70,255.00
1461,105.90,255.00
1462,105.80,255.00
1463,105.90,255.00
1464,105.90,255.00
1465,105.80,255.00
1466,105.30,255.00
1467,105.70,255.00
1468,105.70,255.00
1469,105.90,255.00
1470,105.80,255.00
1471,105.60,255.00
1472,105.30,255.00
1473,106.00,255.00
1474,105.60,255.00
1475,105.70,255.00
1476,105.50,255.00
1477,105.60,255.00
1478,105.60,255.00
1479,105.70,255.00
1480,105.50,255.00
1481,105.80,255.00
1482,105.30,255.00
1483,105.60,255.00
1484,105.30,255.00
1485,105.40,255.00
1486,105.60,255.00
1487,105.30,255.00
1488,105.40,255.00
1489,105.30,255.00
1490,105.60,255.00
1491,105.20,255.00
1492,104.90,255.00
1493,105.30,255.00
1494,105.40,255.00
1495,105.20,255.00
1496,105.40,255.00
1497,105.10,255.00
1498,104.80,255.00
1499,104.80,255.00
1500,105.00,255.00
1501,105.10,255.00
1502,105.10,255.00
1503,104.90,255.00
1504,106.10,255.00
1505,105.10,255.00
1506,104.90,255.00
1507,105.80,255.00
1508,104.80,255.00
1509,104.80,255.00
1510,104.70,255.00
1511,104.90,255.00
1512,105.20,255.00
1513,104.70,255.00
1514,105.00,255.00
1515,105.40,255.00
1516,104.70,255.00
1517,104.80,255.00
1518,105.20,255.00
1519,104.50,255.00
1520,104.40,255.00
1521,105.10,255.00
1522,104.60,255.00
1523,104.60,255.00
1524,104.40,255.00
1525,104.50,255.00
1526,104.40,255.00
1527,104.50,255.00
1528,104.20,255.00
1529,104.50,255.00
1530,104.10,255.00
1531,104.50,255.00
1532,104.30,255.00
1533,104.30,255.00
1534,104.40,255.00
1535,104.30,255.00
1536,104.70,255.00
1537,103.80,255.00
1538,104.70,255.00
1539,103.80,255.00
1540,104.00,255.00
1541,104.10,255.00
1542,104.10,255.00
1543,104.20,255.00
1544,104.00,255.00
1545,104.40,255.00
1546,104.00,255.00
1547,104.00,255.00
1548,103.90,255.00
1549,104.00,255.00
1550,103.90,255.00
1551,104.50,255.00
1552,104.20,255.00
1553,104.00,255.00
1554,103.60,255.00
1555,103.80,255.00
1556,103.80,255.00
1557,104.20,255.00
1558,103.80,255.00
1559,104.10,255.00
1560,103.80,255.00
1561,104.10,255.00
1562,103.70,255.00
1563,103.60,255.00
1564,103.50,255.00
1565,103.90,255.00
1566,103.10,255.00
1567,104.10,255.00
1568,103.10,255.00
1569,103.10,255.00
1570,103.60,255.00
1571,103.20,255.00
1572,103.20,255.00
1573,103.20,255.00
1574,103.10,255.00
1575,103.20,255.00
1576,102.80,255.00
1577,103.20,255.00
1578,103.30,255.00
1579,103.10,255.00
1580,103.00,255.00
1581,102.70,255.00
1582,102.90,255.00
1583,102.90,255.00
1584,102.80,255.00
1585,103.60,255.00
1586,102.70,255.00
1587,102.80,255.00
1588,103.50,255.00
1589,102.70,255.00
1590,102.60,255.00
1591,102.60,255.00
1592,102.60,255.00
1593,102.90,255.00
1594,102.30,255.00
1595,102.50,255.00
1596,102.50,255.00
1597,102.30,253.23
1598,102.50,255.00
1599,102.40,255.00
1600,102.00,255.00
1601,102.40,255.00
1602,102.10,255.00
1603,102.00,255.00
1604,102.10,255.00
1605,102.30,255.00
1606,102.10,255.00
1607,102.00,255.00
1608,101.90,255.00
1609,101.70,255.00
1610,101.40,254.67
1611,101.90,255.00
1612,101.90,255.00
1613,101.70,255.00
1614,101.70,255.00
1615,101.60,255.00
1616,101.70,255.00
1617,101.60,255.00
1618,101.60,255.00
1619,101.60,255.00
1620,101.60,255.00
1621,102.20,255.00
1622,101.60,255.00
1623,101.10,254.43
1624,101.40,255.00
1625,101.40,255.00
1626,101.40,255.00
1627,102.20,255.00
1628,101.20,255.00
1629,101.80,255.00
1630,101.20,253.80
1631,101.10,255.00
1632,100.90,255.00
1633,101.10,255.00
1634,100.80,255.00
1635,100.90,255.00
1636,102.00,255.00
1637,101.50,255.00
1638,100.90,252.50
1639,101.30,255.00
1640,100.70,251.64
1641,100.50,255.00
1642,100.40,255.00
1643,100.80,255.00
1644,101.50,255.00
1645,100.80,251.01
1646,100.40,252.47
1647,100.70,255.00
1648,100.60,255.00
1649,100.70,255.00
1650,100.60,255.00
1651,100.50,255.00
1652,100.20,252.67
1653,100.40,255.00
1654,100.40,255.00
1655,100.30,255.00
1656,100.00,249.68
1657,100.30,255.00
1658,100.20,254.80
1659,100.40,255.00
1660,100.00,250.74
1661,100.20,255.00
1662,100.30,255.00
1663,100.10,253.30
1664,99.90,252.43
1665,99.80,251.98
1666,100.00,255.00
1667,100.00,254.97
1668,100.00,252.86
1669,99.90,253.49
1670,99.90,254.54
1671,99.80,255.00
1672,99.90,255.00
1673,99.60,249.96
1674,100.00,255.00
1675,99.70,250.35
1676,99.80,255.00
1677,99.60,253.02
1678,99.70,254.49
1679,99.60,251.90
1680,99.70,254.39
1681,99.40,248.79
1682,99.50,253.44
1683,99.60,255.00
1684,99.30,248.16
1685,99.50,254.30
1686,99.50,252.09
1687,99.60,253.55
1688,99.50,250.94
1689,99.40,251.47
1690,99.30,249.91
1691,99.40,252.42
1692,99.30,253.97
1693,99.10,247.71
1694,99.00,248.25
1695,99.00,247.03
1696,99.10,250.58
1697,99.10,249.44
1698,99.10,249.28
1699,99.00,247.70
1700,99.30,253.19
1701,98.90,247.02
1702,99.40,255.00
1703,100.00,255.00
1704,98.90,237.29
1705,99.30,253.86
1706,99.50,252.55
1707,99.00,250.20
1708,98.60,241.96
1709,98.60,246.10
1710,99.30,252.17
1711,98.70,239.89
1712,98.10,237.13
1713,98.50,233.37
1714,98.70,247.96
1715,98.60,244.21
1716,99.20,250.89
1717,98.60,238.60
1718,98.50,243.36
1719,98.40,241.61
1720,98.40,243.60
1721,98.30,241.95
1722,98.30,241.67
1723,98.90,251.61
1724,98.30,244.45
1725,98.40,243.68
1726,98.30,240.97
1727,98.10,237.68
1728,98.30,243.71
1729,98.20,239.93
1730,98.30,243.25
1731,99.00,251.50
1732,98.20,231.93
1733,98.10,236.51
1734,98.30,242.55
1735,98.10,237.27
1736,98.10,240.12
1737,97.50,229.86
1738,98.20,246.56
1739,98.10,238.35
1740,98.10,238.19
1741,98.00,236.52
1742,97.80,233.17
1743,98.00,239.18
1744,97.90,235.38
1745,98.10,239.09
1746,97.80,232.28
1747,98.00,238.29
1748,97.90,230.09
1749,98.60,245.76
1750,98.00,229.16
1751,97.90,233.69
1752,98.10,237.59
1753,97.90,232.28
1754,97.80,230.43
1755,97.70,231.93
1756,98.60,246.34
1757,98.30,239.39
1758,98.00,230.47
1759,97.90,231.99
1760,98.10,231.47
1761,98.10,233.44
1762,97.80,228.76
1763,97.60,230.67
1764,97.80,233.47
1765,97.90,232.66
1766,97.80,235.00
1767,97.80,230.56
1768,97.90,231.87
1769,97.90,229.39
1770,97.70,227.26
1771,97.70,229.19
1772,97.50,225.98
1773,98.50,239.55
1774,98.20,227.46
1775,98.10,228.99
1776,97.80,228.38
1777,97.80,228.19
1778,97.90,229.50
1779,98.00,229.58
1780,98.30,232.86
1781,97.90,223.50
1782,97.40,219.87
1783,98.00,233.99
1784,98.10,228.94
1785,97.70,224.69
1786,98.30,234.58
1787,97.90,222.03
1788,98.10,229.99
1789,97.90,223.62
1790,98.30,231.59
1791,97.90,225.24
1792,98.00,226.56
1793,97.90,223.82
1794,97.80,224.07
1795,98.00,226.89
1796,97.80,221.58
1797,97.80,223.32
1798,98.00,226.14
1799,99.00,238.89
1800,97.80,219.52
1801,98.10,227.03
1802,97.90,220.67
1803,98.00,216.55
1804,98.10,224.26
1805,98.20,224.54
1806,98.10,221.66
1807,98.80,233.09
1808,98.20,216.51
1809,98.70,231.16
1810,98.40,220.15
1811,98.10,218.69
1812,98.00,218.99
1813,98.30,225.46
1814,98.30,222.12
1815,98.10,220.93
1816,97.80,216.25
1817,98.10,223.76
1818,98.30,221.14
1819,98.10,217.98
1820,98.10,219.95
1821,98.30,222.63
1822,98.10,217.34
1823,98.30,222.32
1824,98.10,218.99
1825,98.30,221.84
1826,98.20,218.06
1827,98.30,219.26
1828,98.40,220.62
1829,98.30,217.91
1830,98.60,227.41
1831,98.20,213.83
1832,98.40,220.94
1833,98.90,227.11
1834,98.30,211.60
1835,98.10,214.83
1836,98.50,220.54
1837,98.30,215.27
1838,99.00,227.78
1839,98.90,227.10
1840,98.10,207.52
1841,98.50,221.88
1842,98.70,219.32
1843,98.70,218.14
1844,98.50,215.02
1845,98.50,221.11
1846,98.70,219.74
1847,98.50,214.48
1848,98.70,223.58
1849,98.70,217.09
1850,98.70,216.97
1851,98.70,217.80
1852,98.70,216.63
1853,98.70,216.51
1854,99.30,224.26
1855,98.80,211.36
1856,98.90,218.08
1857,98.60,213.36
1858,98.90,219.89
1859,99.00,218.10
1860,98.80,214.91
1861,99.30,223.40
1862,98.90,212.00
1863,99.30,221.02
1864,99.00,213.26
1865,98.80,213.35
1866,99.00,216.17
1867,98.50,208.56
1868,99.00,221.28
1869,99.10,218.34
1870,99.40,220.65
1871,99.20,214.40
1872,99.10,214.88
1873,99.20,217.37
1874,99.90,226.77
1875,99.30,217.67
1876,99.30,216.54
1877,99.30,216.48
1878,99.30,217.41
1879,98.90,210.27
1880,99.30,220.45
1881,99.30,215.02
1882,100.00,226.55
1883,99.20,207.07
1884,99.40,216.34
1885,99.60,219.30
1886,99.60,217.14
1887,99.60,218.12
1888,99.30,212.51
1889,99.50,218.65
1890,99.40,217.04
1891,99.70,220.44
1892,99.50,214.21
1893,99.60,217.76
1894,99.60,216.66
1895,100.10,224.15
1896,99.50,214.04
1897,99.80,220.64
1898,99.70,215.92
1899,99.70,209.55
1900,99.80,218.47
1901,99.80,217.39
1902,100.00,220.37
1903,100.10,219.74
1904,100.70,227.72
1905,100.20,222.37
1906,99.90,214.68
1907,100.60,228.40
1908,100.40,224.38
1909,100.00,214.14
1910,100.20,221.40
1911,100.20,220.37
1912,100.10,217.82
1913,100.00,217.38
1914,100.60,225.37
1915,100.30,216.65
1916,100.20,218.36
1917,100.40,221.41
1918,100.10,215.87
1919,100.40,223.58
1920,100.90,230.10
1921,100.40,215.20
1922,100.20,217.55
1923,100.40,219.55
1924,100.60,223.66
1925,100.50,220.08
1926,100.70,223.19
1927,100.40,217.67
1928,100.40,220.90
1929,100.60,221.86
1930,100.80,224.93
1931,100.40,216.85
1932,100.80,222.97
1933,100.70,221.53
1934,100.60,221.15
1935,100.90,224.73
1936,100.80,222.24
1937,100.90,224.87
1938,100.90,223.97
1939,101.60,234.58
1940,101.00,218.24
1941,100.80,215.46
1942,102.00,242.09
1943,100.90,212.95
1944,101.00,212.59
1945,101.30,229.96
1946,101.30,226.88
1947,101.20,227.71
1948,101.40,229.76
1949,100.90,220.23
1950,101.20,222.84
1951,101.30,228.70
1952,101.40,229.25
1953,101.30,230.09
1954,101.30,228.08
1955,101.40,229.70
1956,101.80,234.89
1957,101.50,226.28
1958,101.40,228.10
1959,101.60,233.47
1960,102.10,237.94
1961,101.40,222.27
1962,101.50,230.41
1963,101.50,230.54
1964,101.70,233.68
1965,101.40,228.39
1966,101.60,233.64
1967,101.60,231.66
1968,101.80,233.89
1969,101.70,231.47
1970,102.50,244.72
1971,101.60,230.49
1972,101.80,235.77
1973,101.80,233.79
1974,102.00,236.06
1975,101.50,227.65
1976,102.00,240.62
1977,102.10,238.21
1978,101.80,231.75
1979,101.80,235.09
1980,101.80,232.24
1981,102.20,241.61
1982,102.10,236.04
1983,102.30,227.81
1984,102.00,234.14
1985,102.20,240.51
1986,102.20,236.65
1987,102.30,240.48
1988,102.30,239.61
1989,102.30,238.96
1990,102.20,238.72
1991,102.50,244.48
1992,102.60,244.29
1993,102.50,240.88
1994,102.50,242.16
1995,102.30,239.58
1996,102.50,244.92
1997,102.50,243.01
1998,102.40,237.72
1999,102.60,246.25
2000,102.50,242.85
2001,102.40,241.78
2002,102.70,248.63
2003,102.70,245.68
2004,102.80,247.65
2005,102.90,248.33
2006,102.60,243.01
2007,102.90,250.11
2008,102.90,248.23
2009,102.90,248.48
2010,102.90,241.60
2011,102.90,249.30
2012,102.90,249.55
2013,102.60,251.87
2014,102.80,251.91
2015,103.00,253.04
2016,103.00,252.48
2017,102.90,250.18
2018,102.90,251.49
2019,103.10,253.95
2020,103.00,251.65
2021,102.70,248.46
2022,103.00,254.52
2023,102.90,252.21
2024,103.00,255.00
2025,103.60,255.00
2026,103.10,249.93
2027,102.80,251.01
2028,102.90,254.08
2029,103.10,255.00
2030,103.00,255.00
2031,103.10,255.00
2032,103.10,255.00
2033,102.70,251.59
2034,103.00,255.00
2035,103.00,255.00
2036,103.00,255.00
2037,103.10,255.00
2038,103.20,255.00
2039,103.30,255.00
