  //PID root locus
  Kp = 0.00816x10;
  Kd = 0.205x10;
  Ki = 0.000033x10;
Sampling every 200 ms
Sample Number,Current Temperature, Controller Output
0,55.50,0.00
1,55.30,0.00
2,55.40,0.00
3,55.90,3.23
4,55.60,0.00
5,55.60,0.00
6,55.70,0.00
7,55.50,0.00
8,57.20,22.47
9,56.10,0.00
10,55.60,0.00
11,56.00,4.61
12,55.60,0.00
13,55.70,0.00
14,55.40,0.00
15,55.90,3.23
16,57.40,17.02
17,56.00,0.00
18,56.00,0.00
19,55.90,0.00
20,57.00,6.06
21,55.60,0.00
22,57.60,23.87
23,56.80,4.67
24,56.60,0.00
25,56.30,0.00
26,56.80,0.00
27,56.30,0.00
28,56.50,0.00
29,56.80,4.67
30,56.80,0.00
31,56.90,0.00
32,58.90,26.71
33,58.40,0.00
34,57.20,0.00
35,56.80,0.00
36,57.10,0.60
37,57.40,0.62
38,56.90,0.00
39,57.60,6.11
40,57.40,0.00
41,57.50,0.00
42,58.90,15.78
43,57.90,0.00
44,57.60,0.00
45,57.80,0.00
46,57.80,0.00
47,57.90,0.00
48,57.80,0.00
49,57.70,0.00
50,58.30,0.00
51,58.20,0.00
52,58.30,0.00
53,58.40,0.00
54,58.50,0.00
55,58.40,0.00
56,58.30,0.00
57,58.80,3.47
58,58.90,0.00
59,59.60,0.00
60,58.80,0.00
61,58.90,0.00
62,59.20,0.77
63,59.00,0.00
64,59.00,0.00
65,59.10,0.00
66,58.90,0.00
67,59.60,6.27
68,59.60,0.00
69,59.60,0.00
70,59.60,0.00
71,59.90,0.83
72,59.70,0.00
73,59.80,0.00
74,60.00,0.00
75,59.60,0.00
76,60.10,3.58
77,60.10,3.58
78,60.20,0.00
79,60.30,0.00
80,60.60,0.00
81,60.00,0.00
82,60.70,6.36
83,60.70,0.00
84,60.10,0.00
85,60.10,0.00
86,60.60,0.00
87,60.40,0.00
88,62.10,20.14
89,61.10,0.00
90,60.70,0.00
91,61.20,3.67
92,61.50,0.00
93,61.40,0.00
94,61.00,0.00
95,61.50,0.00
96,61.80,0.98
97,61.50,0.00
98,62.00,7.83
99,61.80,0.00
100,62.40,5.13
101,61.80,0.00
102,62.00,0.00
103,62.10,0.00
104,63.50,13.42
105,62.70,0.00
106,63.90,13.45
107,62.50,0.00
108,62.30,0.00
109,62.80,3.80
110,62.70,0.00
111,62.80,0.00
112,63.30,3.84
113,62.90,0.00
114,63.20,1.10
115,63.40,0.00
116,63.30,0.00
117,63.20,0.00
118,63.60,2.50
119,63.70,0.00
120,63.90,0.00
121,63.70,0.00
122,63.90,2.52
123,64.20,1.18
124,64.40,0.00
125,64.20,0.00
126,63.80,0.00
127,64.70,9.42
128,64.60,1.21
129,65.00,2.61
130,64.10,0.00
131,65.00,5.34
132,64.70,0.00
133,64.70,0.00
134,64.90,0.00
135,65.10,0.00
136,64.80,0.00
137,65.80,0.00
138,65.50,0.00
139,65.60,0.00
140,65.80,4.04
141,65.80,0.00
142,66.00,0.00
143,65.90,0.00
144,65.90,0.00
145,67.50,19.21
146,66.20,0.00
147,66.40,0.00
148,66.60,0.01
149,66.50,0.00
150,67.20,6.89
151,66.50,0.00
152,67.10,0.00
153,66.60,0.00
154,67.00,2.77
155,66.80,2.76
156,67.40,5.54
157,67.10,0.00
158,67.60,4.19
159,67.60,0.00
160,67.50,0.00
161,67.70,0.10
162,68.00,1.49
163,67.80,0.00
164,69.00,11.14
165,68.10,0.00
166,68.40,1.52
167,68.80,2.92
168,68.60,0.00
169,69.00,2.94
170,68.30,0.00
171,68.60,1.54
172,69.00,2.94
173,69.00,1.57
174,69.30,1.59
175,69.40,0.00
176,69.40,1.60
177,69.60,0.25
178,69.20,0.00
179,70.40,7.15
180,69.80,0.00
181,70.50,7.16
182,70.10,0.00
183,70.80,7.18
184,70.90,0.00
185,70.20,0.00
186,71.30,12.69
187,70.70,0.00
188,71.10,0.38
189,70.80,0.00
190,70.90,0.00
191,71.30,0.39
192,71.20,0.00
193,70.80,0.00
194,71.10,1.74
195,71.20,0.00
196,71.80,5.90
197,71.70,0.00
198,71.80,1.80
199,71.90,0.00
200,73.00,12.83
201,71.80,0.00
202,72.40,5.95
203,72.30,0.00
204,72.30,0.00
205,72.80,4.61
206,72.60,0.00
207,73.00,0.00
208,73.10,0.00
209,73.20,0.00
210,73.50,6.04
211,73.30,0.00
212,73.70,3.32
213,73.90,3.34
214,73.70,0.00
215,73.80,0.00
216,74.20,0.00
217,74.20,0.00
218,74.10,0.00
219,74.40,0.64
220,74.10,0.00
221,74.60,4.76
222,74.80,0.68
223,75.20,3.44
224,74.90,0.00
225,75.20,2.08
226,75.20,7.54
227,74.50,0.00
228,75.50,11.67
229,75.90,2.13
230,75.80,0.00
231,75.40,0.00
232,75.60,0.74
233,75.90,2.13
234,76.10,0.78
235,76.50,4.92
236,76.30,0.00
237,76.60,2.19
238,77.10,6.33
239,76.70,0.00
240,77.70,11.85
241,76.80,0.00
242,77.20,3.61
243,78.40,14.64
244,78.00,5.04
245,77.70,0.00
246,77.30,0.00
247,77.90,2.30
248,78.00,0.00
249,78.10,0.00
250,79.30,21.54
251,77.80,0.00
252,78.50,7.81
253,78.00,0.00
254,78.50,5.08
255,79.00,5.12
256,78.80,0.00
257,79.10,1.03
258,79.50,3.79
259,79.20,0.00
260,79.60,3.80
261,79.80,1.09
262,79.80,0.00
263,80.10,0.00
264,79.50,0.00
265,80.10,6.58
266,80.30,0.00
267,80.40,0.00
268,80.60,1.15
269,80.70,0.00
270,81.10,3.92
271,81.10,0.00
272,81.20,0.00
273,81.30,0.00
274,82.10,9.47
275,81.40,0.00
276,81.80,3.98
277,81.90,0.00
278,82.30,1.29
279,82.60,2.68
280,82.20,0.00
281,82.20,2.65
282,82.50,2.67
283,82.60,0.00
284,82.80,1.33
285,83.10,2.72
286,83.10,0.00
287,82.90,0.00
288,84.00,13.73
289,83.60,0.00
290,83.60,0.00
291,83.80,1.41
292,84.10,2.80
293,84.20,0.00
294,84.40,1.46
295,84.20,0.00
296,84.60,1.48
297,84.60,0.00
298,84.80,1.49
299,85.00,4.24
300,85.00,0.00
301,85.20,1.53
302,85.00,4.24
303,85.40,4.28
304,85.70,2.93
305,86.00,0.22
306,86.00,0.00
307,86.30,2.98
308,86.20,0.00
309,86.70,5.75
310,86.90,1.66
311,86.60,0.27
312,86.70,0.28
313,87.00,3.04
314,87.30,1.70
315,87.30,0.00
316,87.40,0.34
317,87.30,0.00
318,87.70,4.46
319,87.90,1.75
320,87.90,1.75
321,88.20,3.14
322,88.00,0.00
323,88.50,1.79
324,88.50,0.00
325,88.60,0.44
326,88.90,0.00
327,89.20,3.22
328,90.30,14.24
329,89.30,1.86
330,90.20,11.50
331,89.60,0.00
332,89.70,0.53
333,90.90,15.66
334,89.70,0.00
335,90.10,0.00
336,90.30,1.94
337,90.30,0.00
338,90.40,0.00
339,90.70,3.34
340,90.90,1.99
341,92.10,13.02
342,91.40,0.00
343,91.10,0.00
344,91.60,0.68
345,91.30,0.00
346,91.70,4.79
347,92.10,4.82
348,92.10,0.00
349,92.30,2.11
350,92.40,0.75
351,92.60,2.13
352,92.60,0.00
353,92.90,2.15
354,92.80,0.00
355,92.90,0.79
356,93.40,0.00
357,93.40,0.00
358,93.50,0.84
359,93.90,9.07
360,93.80,0.00
361,93.90,0.87
362,94.10,0.00
363,94.10,0.00
364,94.40,3.64
365,94.70,0.00
366,94.90,2.32
367,94.90,0.00
368,96.00,11.97
369,95.30,0.00
370,95.80,6.49
371,95.40,0.00
372,95.20,0.00
373,96.00,10.61
374,96.40,6.54
375,96.60,2.46
376,95.90,0.00
377,96.90,6.58
378,97.20,3.87
379,96.90,0.00
380,96.80,1.11
381,96.70,0.00
382,97.60,12.10
383,97.10,0.00
384,97.30,0.00
385,97.50,2.53
386,97.40,0.00
387,97.80,0.00
388,98.20,5.32
389,97.90,0.00
390,98.40,5.34
391,98.50,1.24
392,98.70,2.63
393,99.80,6.82
394,98.90,0.00
395,99.00,1.29
396,99.30,0.00
397,99.60,4.07
398,99.50,0.00
399,99.80,2.72
400,99.70,0.00
401,100.40,9.60
402,100.20,1.38
403,101.20,13.76
404,100.40,0.00
405,101.00,5.55
406,101.00,0.08
407,100.90,0.00
408,101.20,1.46
409,101.40,2.85
410,101.40,0.11
411,101.60,0.13
412,101.80,2.88
413,101.70,0.00
414,102.10,0.00
415,102.30,2.92
416,102.50,2.94
417,102.60,1.58
418,102.90,4.34
419,102.90,0.24
420,103.10,0.00
421,103.50,5.75
422,103.40,0.00
423,103.80,3.05
424,104.20,5.81
425,103.90,0.00
426,104.00,0.00
427,104.30,4.45
428,104.40,1.73
429,104.70,1.75
430,105.80,15.51
431,105.10,0.00
432,105.20,3.16
433,105.00,0.00
434,106.00,14.16
435,105.60,0.46
436,105.80,3.21
437,105.70,0.00
438,106.40,1.90
439,106.10,0.00
440,106.00,0.00
441,107.10,8.79
442,106.70,0.00
443,106.80,1.93
444,107.10,1.96
445,107.30,3.34
446,107.30,0.61
447,107.50,0.62
448,107.70,3.37
449,107.70,0.64
450,107.90,3.39
451,108.10,3.41
452,108.20,2.05
453,108.40,0.00
454,108.50,2.08
455,108.60,2.08
456,108.90,3.48
457,109.10,3.49
458,109.20,2.14
459,109.40,6.25
460,109.80,6.29
461,109.70,0.00
462,109.60,0.00
463,109.90,4.93
464,110.20,4.95
465,110.30,0.00
466,110.10,0.00
467,110.40,4.97
468,110.70,2.26
469,110.70,0.90
470,110.50,0.00
471,111.30,0.00
472,111.30,0.95
473,111.30,0.95
474,111.60,3.71
475,111.70,2.35
476,111.80,2.36
477,112.10,5.12
478,112.30,3.77
479,112.10,0.00
480,112.40,1.05
481,112.40,1.05
482,112.60,3.80
483,112.90,0.00
484,113.10,3.84
485,113.80,10.73
486,113.30,9.32
487,113.30,1.13
488,113.40,2.50
489,113.70,0.00
490,113.90,3.91
491,113.80,0.00
492,114.30,3.94
493,114.20,0.00
494,114.50,5.33
495,114.60,2.61
496,115.00,6.74
497,114.80,0.00
498,115.10,0.00
499,115.20,2.66
500,115.20,1.29
501,115.40,0.00
502,115.80,6.81
503,115.80,1.34
504,115.80,0.00
505,116.10,5.47
506,116.10,1.37
507,116.50,0.00
508,116.70,4.16
509,116.60,0.05
510,116.90,2.81
511,117.00,2.82
512,117.40,6.95
513,117.40,4.22
514,117.50,2.86
515,117.60,2.87
516,117.70,2.88
517,117.80,1.52
518,118.60,12.52
519,118.30,0.00
520,118.50,4.32
521,118.60,2.96
522,118.80,4.34
523,118.90,2.99
524,119.00,3.00
525,119.20,4.38
526,119.20,0.28
527,120.30,16.77
528,119.50,0.00
529,120.10,7.19
530,119.80,0.00
531,119.60,0.00
532,120.10,0.00
533,120.20,3.11
534,120.50,5.86
535,120.80,5.89
536,121.00,4.54
537,121.10,3.18
538,121.10,1.82
539,120.80,0.00
540,121.40,10.05
541,121.60,1.87
542,121.80,4.62
543,121.90,3.26
544,122.10,4.64
545,122.30,4.66
546,122.30,1.93
547,122.70,1.96
548,122.40,0.00
549,122.90,8.82
550,123.70,11.62
551,123.30,0.00
552,123.30,2.02
553,123.60,4.78
554,123.60,2.05
555,124.20,10.30
556,124.00,2.08
557,124.60,10.33
558,124.20,0.00
559,124.60,4.87
560,125.00,7.64
561,124.90,0.80
562,125.50,9.05
563,125.20,0.00
564,125.70,9.07
565,126.10,10.47
566,125.80,0.00
567,126.00,5.00
568,126.10,6.37
569,126.20,3.65
570,126.10,0.91
571,126.60,3.69
572,126.90,6.45
573,127.70,13.35
574,127.80,11.99
575,127.20,0.00
576,127.50,6.50
577,127.50,2.41
578,127.80,6.53
579,128.00,5.18
580,128.60,13.43
581,128.30,0.00
582,128.30,2.48
583,128.50,5.23
584,128.80,6.62
585,128.90,3.90
586,129.20,0.00
587,129.30,3.94
588,129.30,2.57
589,129.60,2.60
590,129.80,5.35
591,129.90,3.99
592,130.10,4.01
593,130.20,4.02
594,130.10,1.28
595,130.50,5.42
596,130.50,2.69
597,130.60,4.06
598,130.80,4.08
599,130.90,4.09
600,130.90,2.73
601,131.00,2.74
602,131.10,4.11
603,131.10,2.75
604,131.20,2.76
605,131.30,4.14
606,131.40,4.15
607,131.50,4.16
608,131.60,4.17
609,131.70,4.18
610,131.70,4.18
611,131.70,2.82
612,131.90,5.57
613,132.00,4.21
614,132.00,2.85
615,132.00,2.85
616,132.20,4.23
617,132.20,2.87
618,132.30,4.25
619,132.40,4.26
620,132.50,4.27
621,132.40,1.53
622,132.50,2.90
623,132.60,4.28
624,132.70,4.29
625,132.80,5.67
626,132.80,2.94
627,132.80,2.94
628,132.90,2.95
629,132.90,2.95
630,133.00,4.33
631,133.10,2.97
632,133.20,4.35
633,133.20,2.98
634,133.20,2.99
635,133.30,3.00
636,133.30,3.00
637,133.30,3.00
638,133.40,1.65
639,133.60,5.76
640,133.60,3.03
641,133.80,5.78
642,133.70,1.68
643,133.80,4.42
644,134.00,4.44
645,133.90,1.70
646,133.90,3.07
647,134.10,3.09
648,134.10,3.09
649,134.20,4.47
650,134.20,4.47
651,134.20,3.11
652,134.20,3.11
653,134.20,3.11
654,134.30,4.49
655,134.30,3.12
656,134.40,1.77
657,134.50,4.51
658,134.50,3.15
659,134.60,4.52
660,134.60,3.16
661,134.60,3.16
662,134.70,4.54
663,134.70,3.17
664,134.70,3.18
665,134.80,3.19
666,134.90,4.56
667,134.90,3.20
668,135.00,4.58
669,135.00,3.21
670,135.00,3.21
671,135.10,4.59
672,135.10,4.59
673,135.20,4.60
674,135.20,3.24
675,135.30,4.62
676,135.30,3.25
677,135.30,3.25
678,135.30,3.26
679,135.40,4.63
680,135.40,3.27
681,135.50,1.91
682,135.60,4.66
683,135.60,3.29
684,135.60,3.30
685,135.60,3.30
686,135.60,3.30
687,135.60,3.30
688,135.70,4.68
689,135.80,4.69
690,135.80,4.69
691,135.90,4.70
692,135.80,1.96
693,135.90,3.34
694,135.80,1.97
695,135.90,4.71
696,135.90,1.98
697,135.90,3.35
698,136.00,4.73
699,136.10,4.74
700,136.10,3.37
701,136.20,4.75
702,136.20,3.39
703,136.20,3.39
704,136.30,4.77
705,136.30,4.77
706,136.40,4.78
707,136.30,2.04
708,136.30,3.41
709,136.40,4.79
710,136.40,3.42
711,136.40,3.43
712,136.40,3.43
713,136.60,6.18
714,136.50,2.07
715,136.60,4.82
716,136.70,4.83
717,136.60,4.82
718,136.60,3.46
719,136.70,4.83
720,136.60,3.46
721,136.70,4.84
722,136.70,3.48
723,136.70,3.48
724,136.80,4.86
725,136.80,3.49
726,136.80,2.13
727,136.90,4.87
728,136.90,3.51
729,137.00,4.89
730,136.90,2.15
731,137.00,4.89
732,137.10,6.27
733,136.80,0.00
734,136.90,4.89
735,137.00,3.53
736,137.00,3.53
737,137.00,3.54
738,137.20,4.92
739,137.20,3.56
740,137.20,3.56
741,137.20,3.56
742,137.20,3.57
743,137.20,3.57
744,137.30,4.95
745,137.30,3.58
746,137.30,3.58
747,137.30,4.95
748,137.40,4.96
749,137.40,3.60
750,137.50,3.61
751,137.40,2.24
752,137.40,3.61
753,137.40,2.24
754,137.50,4.99
755,137.50,3.62
756,137.50,3.63
757,137.50,3.63
758,137.50,3.63
759,137.50,2.27
760,137.60,5.01
761,137.50,2.27
762,137.50,2.27
763,137.60,5.02
764,137.60,3.65
765,137.60,2.29
766,137.70,5.03
767,137.60,2.29
768,137.70,3.67
769,137.60,2.30
770,137.60,3.67
771,137.70,3.68
772,137.80,5.06
773,137.80,3.69
774,137.80,3.69
775,137.70,2.32
776,137.70,3.69
777,137.80,5.07
778,137.50,0.00
779,137.60,5.06
780,137.60,2.33
781,137.60,3.70
782,137.70,5.07
783,137.80,3.72
784,137.80,3.72
785,137.50,0.00
786,137.70,2.35
787,137.70,3.72
788,137.80,5.10
789,137.80,3.73
790,137.70,2.36
791,137.80,5.10
792,137.80,3.74
793,137.70,2.37
794,137.80,5.11
795,137.70,2.37
796,137.80,5.12
797,137.80,3.75
798,137.70,3.75
799,137.80,5.12
800,137.80,3.76
801,137.70,2.39
802,137.80,5.13
803,137.70,2.39
804,137.70,2.39
805,137.70,3.76
806,137.80,5.14
807,137.80,3.78
808,137.90,5.15
809,137.80,2.41
810,137.80,3.78
811,137.80,3.79
812,137.90,5.16
813,137.80,2.42
814,137.80,5.16
815,137.80,3.80
816,137.80,3.80
817,137.70,2.43
818,137.70,3.79
819,137.80,5.17
820,137.80,3.81
821,137.80,3.81
822,137.80,3.81
823,137.80,3.82
824,137.80,3.82
825,137.70,2.45
826,137.70,3.82
827,137.70,3.82
828,137.70,3.82
829,137.70,3.82
830,137.80,5.20
831,137.70,2.46
832,137.70,2.46
833,137.60,2.46
834,137.80,6.58
835,137.70,5.20
836,137.80,5.21
837,137.80,3.85
838,137.80,5.22
839,137.80,3.86
840,137.80,3.86
841,137.60,1.11
842,137.70,5.22
843,137.80,5.23
844,137.50,1.11
845,137.60,5.22
846,137.60,3.86
847,137.60,3.86
848,137.80,6.61
849,137.60,1.13
850,137.60,3.87
851,137.70,5.24
852,137.60,2.50
853,137.70,3.88
854,137.70,3.88
855,137.60,2.51
856,137.70,5.26
857,137.70,3.89
858,137.70,3.89
859,137.70,5.26
860,137.60,2.52
861,137.70,5.27
862,137.70,3.91
863,137.80,5.28
864,137.80,3.92
865,137.60,2.54
866,137.60,3.91
867,137.60,3.91
868,137.60,3.91
869,137.80,6.66
870,137.80,3.93
871,137.70,3.93
872,137.80,5.30
873,137.60,1.19
874,137.70,3.93
875,137.80,5.31
876,137.70,2.57
877,137.70,5.31
878,137.80,5.32
879,137.80,3.95
880,137.80,3.96
881,137.70,2.58
882,137.60,2.58
883,137.70,2.59
884,137.70,3.96
885,137.70,3.96
886,137.70,3.96
887,137.70,3.97
888,137.70,3.97
889,137.70,5.34
890,137.70,3.97
891,137.70,3.98
892,137.80,5.35
893,137.70,2.61
894,137.80,5.36
895,137.80,5.36
896,137.80,4.00
897,137.80,4.00
898,137.70,3.99
899,137.70,4.00
900,137.80,5.37
901,137.70,2.64
902,137.70,4.00
903,137.70,4.01
904,137.80,4.02
905,137.80,4.02
906,137.70,2.65
907,137.70,2.65
908,137.60,2.64
909,137.70,5.39
910,137.80,5.40
911,137.70,2.66
912,137.70,4.03
913,137.80,5.41
914,137.80,4.04
915,137.70,2.67
916,137.70,5.41
917,137.60,2.67
918,137.70,5.41
919,137.70,4.05
920,137.70,4.05
921,137.60,2.68
922,137.70,5.42
923,137.70,4.06
924,137.70,4.06
925,137.70,4.06
926,137.70,4.06
927,137.70,5.43
928,137.70,4.07
929,137.60,2.70
930,137.60,4.07
931,137.60,4.07
932,137.60,4.07
933,137.60,5.44
934,137.60,4.08
935,137.70,5.45
936,137.50,2.71
937,137.50,4.08
938,137.50,4.08
939,137.50,2.71
940,137.60,5.46
941,137.50,2.72
942,137.60,4.10
943,137.60,4.10
944,137.50,2.73
945,137.40,2.72
946,137.50,5.46
947,137.50,4.10
948,137.50,5.47
949,137.40,2.73
950,137.40,4.10
951,137.50,5.48
952,137.40,2.74
953,137.50,5.48
954,137.50,5.48
955,137.50,4.12
956,137.40,2.75
957,137.40,5.48
958,137.30,2.74
959,137.30,4.11
960,137.30,4.12
961,137.30,4.12
962,137.30,4.12
963,137.40,4.13
964,137.40,4.13
965,137.30,2.76
966,137.30,5.50
967,137.20,2.76
968,137.30,5.50
969,137.20,2.76
970,137.20,4.13
971,137.30,5.51
972,137.10,2.76
973,137.20,5.51
974,137.20,4.14
975,137.20,4.15
976,137.20,4.15
977,137.10,2.77
978,137.10,4.14
979,137.10,4.15
980,137.10,4.15
981,137.00,2.78
982,137.00,4.15
983,137.10,5.52
984,137.00,4.15
985,137.10,5.53
986,136.90,1.41
987,137.00,5.52
988,136.90,2.79
989,136.90,4.15
990,136.90,4.16
991,137.00,5.53
992,136.80,1.42
993,136.90,4.16
994,136.90,4.17
995,136.90,4.17
996,136.90,5.54
997,136.90,4.17
998,136.90,4.18
999,136.80,5.54
1000,136.70,2.80
1001,136.80,5.54
1002,136.60,1.43
1003,136.70,5.54
1004,136.70,4.17
1005,136.70,4.18
1006,136.70,4.18
1007,136.60,2.81
1008,136.60,4.18
1009,136.50,2.80
1010,136.70,6.92
1011,136.60,5.55
1012,136.50,2.81
1013,136.60,5.55
1014,136.60,5.56
1015,136.50,2.82
1016,136.50,4.19
1017,136.40,4.18
1018,136.40,4.18
1019,136.40,4.19
1020,136.40,4.19
1021,136.40,4.19
1022,136.20,1.44
1023,136.30,5.55
1024,136.20,2.82
1025,136.20,4.18
1026,136.20,4.19
1027,136.10,1.45
1028,136.10,4.18
1029,136.10,4.19
1030,136.10,4.19
1031,136.10,4.19
1032,136.00,4.19
1033,136.00,4.19
1034,136.00,4.19
1035,136.00,4.19
1036,136.00,5.56
1037,135.90,2.82
1038,135.90,4.19
1039,135.80,4.18
1040,135.90,5.56
1041,135.80,2.82
1042,135.90,5.57
1043,135.80,2.83
1044,135.70,2.82
1045,135.80,4.20
1046,135.80,4.20
1047,135.80,4.20
1048,135.80,5.57
1049,135.70,2.83
1050,135.70,4.20
1051,135.60,2.83
1052,135.60,4.20
1053,135.60,4.20
1054,135.60,5.57
1055,135.60,4.21
1056,135.50,2.83
1057,135.50,4.20
1058,135.50,4.20
1059,135.50,4.21
1060,135.50,5.58
1061,135.30,1.46
1062,135.40,5.57
1063,135.40,2.84
1064,135.30,2.84
1065,135.40,5.58
1066,135.30,4.21
1067,135.40,5.58
1068,135.40,4.22
1069,135.20,2.84
1070,135.20,4.21
1071,135.20,4.21
1072,135.30,4.22
1073,135.20,2.85
1074,135.20,4.22
1075,135.20,2.85
1076,135.20,4.22
1077,135.20,4.22
1078,135.10,5.59
1079,135.10,4.22
1080,135.10,4.22
1081,135.00,2.85
1082,135.00,4.22
1083,135.00,4.22
1084,135.00,4.22
1085,135.00,4.23
1086,134.90,2.85
1087,135.00,6.96
1088,135.00,4.23
1089,135.00,4.24
1090,134.90,4.23
1091,135.00,5.61
1092,134.80,1.49
1093,134.80,4.23
1094,134.70,2.86
1095,134.70,4.22
1096,134.70,4.23
1097,134.70,4.23
1098,134.70,4.23
1099,134.70,4.23
1100,134.60,2.86
1101,134.50,2.86
1102,134.60,2.87
1103,134.60,4.24
1104,134.60,4.24
1105,134.50,4.23
1106,134.50,4.23
1107,134.40,2.86
1108,134.50,4.24
1109,134.50,4.24
1110,134.50,4.24
1111,134.40,4.24
1112,134.30,2.86
1113,134.30,4.23
1114,134.20,2.86
1115,134.20,4.23
1116,134.20,4.23
1117,134.20,4.23
1118,134.20,4.24
1119,134.20,4.24
1120,134.10,4.23
1121,134.10,4.24
1122,134.10,4.24
1123,134.10,2.87
1124,134.00,2.87
1125,134.00,4.24
1126,134.00,4.24
1127,133.90,2.87
1128,134.00,5.61
1129,133.90,2.87
1130,134.00,5.61
1131,133.90,2.87
1132,133.90,4.24
1133,133.90,4.25
1134,133.90,4.25
